"Date","September-27-2024"
"Time","23h11m47s"
"PAX Card Serial","M00255249"
"PAX Card Name","PAX5710 Polarization Analyzing System"
"PAX Card Next Cal","September-19-2013"
"PAX Sensor Serial","M00255490"
"PAX Sensor Name","PAN5710VIS (400 - 700nm)"
"PAX Sensor Next Cal","September-19-2012"
"Wavelength [m]",6.330000e-07
"Basic Sample Rate [SPS]",6.666670e+01
"Power Range [dBm]","Auto"
"Azimuth Offset [°]",0.000000e+00
"Number of Basic Periods",2
"Signal Averaging",1
"Result Averaging",1
"Sample Time [s]",2.999998e-02
"Number of Measurements",100
"Record Rate",1
"Record Time [s]",2.999998e+00
"Pretrigger Measurements",0
"Pretrigger Time [s]",0.000000e+00
"Trigger Source","Auto"
"Comment","24grad"
"Time Stamp [s]","Stokes 1","Stokes 2","Stokes 3","Azimuth [°]","Ellipticity [°]","Power Split Ratio","Phase Difference [°]","DOP [%]","Power [dBm]","Power [W]"
0.000000e+00,9.727894e-01,1.666030e-01,-1.610101e-01,4.859186e+00,-4.632765e+00,9.863947e-01,-4.402196e+01,1.000406e+02,-1.921165e+01,1.199045e-05,
2.999998e-02,9.727275e-01,1.670312e-01,-1.609404e-01,4.871739e+00,-4.630742e+00,9.863637e-01,-4.393608e+01,1.000500e+02,-1.920964e+01,1.199598e-05,
5.999997e-02,9.727554e-01,1.668588e-01,-1.609506e-01,4.866672e+00,-4.631037e+00,9.863777e-01,-4.396744e+01,1.000442e+02,-1.920764e+01,1.200151e-05,
8.999995e-02,9.728058e-01,1.664201e-01,-1.610999e-01,4.853872e+00,-4.635372e+00,9.864029e-01,-4.406938e+01,1.000455e+02,-1.920884e+01,1.199820e-05,
1.199999e-01,9.727560e-01,1.668415e-01,-1.609651e-01,4.866173e+00,-4.631459e+00,9.863780e-01,-4.397300e+01,1.000454e+02,-1.921181e+01,1.198999e-05,
1.499999e-01,9.728227e-01,1.663998e-01,-1.610191e-01,4.853209e+00,-4.633028e+00,9.864113e-01,-4.405852e+01,1.000382e+02,-1.920972e+01,1.199578e-05,
1.799999e-01,9.727836e-01,1.667056e-01,-1.609389e-01,4.862150e+00,-4.630698e+00,9.863918e-01,-4.399167e+01,1.000493e+02,-1.920955e+01,1.199625e-05,
2.099999e-01,9.728295e-01,1.664613e-01,-1.609142e-01,4.854937e+00,-4.629983e+00,9.864147e-01,-4.402926e+01,1.000377e+02,-1.920946e+01,1.199649e-05,
2.399999e-01,9.728419e-01,1.664167e-01,-1.608857e-01,4.853599e+00,-4.629156e+00,9.864209e-01,-4.403188e+01,1.000384e+02,-1.920562e+01,1.200710e-05,
2.699999e-01,9.727885e-01,1.665322e-01,-1.610887e-01,4.857164e+00,-4.635047e+00,9.863943e-01,-4.404811e+01,1.000474e+02,-1.920648e+01,1.200473e-05,
2.999998e-01,9.727858e-01,1.665945e-01,-1.610407e-01,4.858960e+00,-4.633654e+00,9.863929e-01,-4.402887e+01,1.000398e+02,-1.920926e+01,1.199705e-05,
3.299998e-01,9.728019e-01,1.666142e-01,-1.609231e-01,4.859445e+00,-4.630239e+00,9.864009e-01,-4.400456e+01,1.000479e+02,-1.920745e+01,1.200205e-05,
3.599998e-01,9.727433e-01,1.669009e-01,-1.609800e-01,4.867935e+00,-4.631892e+00,9.863716e-01,-4.396546e+01,1.000450e+02,-1.920795e+01,1.200065e-05,
3.899998e-01,9.728084e-01,1.666089e-01,-1.608891e-01,4.859261e+00,-4.629254e+00,9.864042e-01,-4.399944e+01,1.000369e+02,-1.920706e+01,1.200313e-05,
4.199998e-01,9.727920e-01,1.666049e-01,-1.609924e-01,4.859227e+00,-4.632253e+00,9.863960e-01,-4.401850e+01,1.000473e+02,-1.920289e+01,1.201464e-05,
4.499998e-01,9.727955e-01,1.664589e-01,-1.611222e-01,4.855033e+00,-4.636019e+00,9.863977e-01,-4.406666e+01,1.000407e+02,-1.920708e+01,1.200306e-05,
4.799997e-01,9.728392e-01,1.663535e-01,-1.609668e-01,4.851802e+00,-4.631510e+00,9.864196e-01,-4.405719e+01,1.000398e+02,-1.920615e+01,1.200562e-05,
5.099997e-01,9.727564e-01,1.668253e-01,-1.609790e-01,4.865708e+00,-4.631864e+00,9.863782e-01,-4.397826e+01,1.000487e+02,-1.920691e+01,1.200352e-05,
5.399997e-01,9.727897e-01,1.667062e-01,-1.609013e-01,4.862136e+00,-4.629609e+00,9.863949e-01,-4.398489e+01,1.000385e+02,-1.920926e+01,1.199703e-05,
5.699997e-01,9.727962e-01,1.666934e-01,-1.608754e-01,4.861740e+00,-4.628854e+00,9.863981e-01,-4.398245e+01,1.000433e+02,-1.920434e+01,1.201063e-05,
5.999997e-01,9.727289e-01,1.668827e-01,-1.610861e-01,4.867484e+00,-4.634972e+00,9.863644e-01,-4.398746e+01,1.000433e+02,-1.920413e+01,1.201121e-05,
6.299997e-01,9.727980e-01,1.665495e-01,-1.610133e-01,4.857615e+00,-4.632857e+00,9.863990e-01,-4.403171e+01,1.000421e+02,-1.920684e+01,1.200371e-05,
6.599996e-01,9.727542e-01,1.668739e-01,-1.609424e-01,4.867109e+00,-4.630801e+00,9.863771e-01,-4.396341e+01,1.000495e+02,-1.920630e+01,1.200522e-05,
6.899996e-01,9.727894e-01,1.666584e-01,-1.609524e-01,4.860770e+00,-4.631092e+00,9.863947e-01,-4.400219e+01,1.000400e+02,-1.920749e+01,1.200192e-05,
7.199996e-01,9.727771e-01,1.667341e-01,-1.609486e-01,4.862997e+00,-4.630980e+00,9.863886e-01,-4.398850e+01,1.000444e+02,-1.920758e+01,1.200168e-05,
7.499996e-01,9.727250e-01,1.670310e-01,-1.609558e-01,4.871746e+00,-4.631190e+00,9.863625e-01,-4.393886e+01,1.000449e+02,-1.920570e+01,1.200687e-05,
7.799996e-01,9.727817e-01,1.666131e-01,-1.610461e-01,4.859513e+00,-4.633810e+00,9.863908e-01,-4.402662e+01,1.000414e+02,-1.920406e+01,1.201141e-05,
8.099996e-01,9.727158e-01,1.670857e-01,-1.609546e-01,4.873358e+00,-4.631155e+00,9.863579e-01,-4.392926e+01,1.000496e+02,-1.920596e+01,1.200615e-05,
8.399996e-01,9.727758e-01,1.667398e-01,-1.609503e-01,4.863168e+00,-4.631031e+00,9.863879e-01,-4.398782e+01,1.000401e+02,-1.920698e+01,1.200334e-05,
8.699995e-01,9.727734e-01,1.667375e-01,-1.609676e-01,4.863113e+00,-4.631533e+00,9.863867e-01,-4.399130e+01,1.000475e+02,-1.920687e+01,1.200363e-05,
8.999995e-01,9.727456e-01,1.668844e-01,-1.609834e-01,4.867450e+00,-4.631989e+00,9.863728e-01,-4.396890e+01,1.000440e+02,-1.920759e+01,1.200164e-05,
9.299995e-01,9.727634e-01,1.668096e-01,-1.609533e-01,4.865223e+00,-4.631116e+00,9.863817e-01,-4.397638e+01,1.000427e+02,-1.920569e+01,1.200690e-05,
9.599995e-01,9.727036e-01,1.671221e-01,-1.609904e-01,4.874458e+00,-4.632195e+00,9.863518e-01,-4.392940e+01,1.000500e+02,-1.920531e+01,1.200795e-05,
9.899995e-01,9.727339e-01,1.670249e-01,-1.609079e-01,4.871528e+00,-4.629800e+00,9.863670e-01,-4.393139e+01,1.000426e+02,-1.920731e+01,1.200241e-05,
1.019999e+00,9.727365e-01,1.669678e-01,-1.609518e-01,4.869882e+00,-4.631072e+00,9.863682e-01,-4.394897e+01,1.000488e+02,-1.920652e+01,1.200460e-05,
1.049999e+00,9.727437e-01,1.668427e-01,-1.610381e-01,4.866269e+00,-4.633578e+00,9.863718e-01,-4.398577e+01,1.000438e+02,-1.920820e+01,1.199996e-05,
1.079999e+00,9.728102e-01,1.665750e-01,-1.609135e-01,4.858284e+00,-4.629962e+00,9.864051e-01,-4.400959e+01,1.000431e+02,-1.920952e+01,1.199632e-05,
1.109999e+00,9.727888e-01,1.666981e-01,-1.609154e-01,4.861911e+00,-4.630017e+00,9.863944e-01,-4.398877e+01,1.000443e+02,-1.920663e+01,1.200431e-05,
1.139999e+00,9.728178e-01,1.665138e-01,-1.609306e-01,4.856494e+00,-4.630456e+00,9.864089e-01,-4.402315e+01,1.000373e+02,-1.920672e+01,1.200405e-05,
1.169999e+00,9.728176e-01,1.665422e-01,-1.609028e-01,4.857307e+00,-4.629652e+00,9.864088e-01,-4.401334e+01,1.000435e+02,-1.920837e+01,1.199949e-05,
1.199999e+00,9.727536e-01,1.668275e-01,-1.609941e-01,4.865784e+00,-4.632301e+00,9.863768e-01,-4.398057e+01,1.000439e+02,-1.920884e+01,1.199819e-05,
1.229999e+00,9.727856e-01,1.666248e-01,-1.610106e-01,4.859828e+00,-4.632780e+00,9.863928e-01,-4.401831e+01,1.000414e+02,-1.920956e+01,1.199621e-05,
1.259999e+00,9.727609e-01,1.668524e-01,-1.609239e-01,4.866460e+00,-4.630264e+00,9.863805e-01,-4.396381e+01,1.000491e+02,-1.921006e+01,1.199482e-05,
1.289999e+00,9.727903e-01,1.667187e-01,-1.608848e-01,4.862492e+00,-4.629128e+00,9.863952e-01,-4.397979e+01,1.000412e+02,-1.920931e+01,1.199690e-05,
1.319999e+00,9.728125e-01,1.665695e-01,-1.609048e-01,4.858113e+00,-4.629710e+00,9.864063e-01,-4.400900e+01,1.000435e+02,-1.920880e+01,1.199830e-05,
1.349999e+00,9.727345e-01,1.669190e-01,-1.610143e-01,4.868495e+00,-4.632887e+00,9.863673e-01,-4.396846e+01,1.000459e+02,-1.920935e+01,1.199678e-05,
1.379999e+00,9.727791e-01,1.666716e-01,-1.610011e-01,4.861200e+00,-4.632505e+00,9.863896e-01,-4.400857e+01,1.000393e+02,-1.921158e+01,1.199063e-05,
1.409999e+00,9.727495e-01,1.668678e-01,-1.609768e-01,4.866958e+00,-4.631798e+00,9.863748e-01,-4.397056e+01,1.000500e+02,-1.920981e+01,1.199553e-05,
1.439999e+00,9.727565e-01,1.668994e-01,-1.609019e-01,4.867826e+00,-4.629624e+00,9.863782e-01,-4.395183e+01,1.000425e+02,-1.921400e+01,1.198396e-05,
1.469999e+00,9.728217e-01,1.665109e-01,-1.609103e-01,4.856392e+00,-4.629869e+00,9.864108e-01,-4.402005e+01,1.000416e+02,-1.920944e+01,1.199653e-05,
1.499999e+00,9.727257e-01,1.669798e-01,-1.610047e-01,4.870278e+00,-4.632610e+00,9.863628e-01,-4.395633e+01,1.000479e+02,-1.921103e+01,1.199214e-05,
1.529999e+00,9.727849e-01,1.666559e-01,-1.609824e-01,4.860723e+00,-4.631960e+00,9.863925e-01,-4.400793e+01,1.000394e+02,-1.921214e+01,1.198908e-05,
1.559999e+00,9.727160e-01,1.670614e-01,-1.609782e-01,4.872662e+00,-4.631839e+00,9.863580e-01,-4.393761e+01,1.000509e+02,-1.921221e+01,1.198889e-05,
1.589999e+00,9.727464e-01,1.668850e-01,-1.609778e-01,4.867464e+00,-4.631827e+00,9.863732e-01,-4.396780e+01,1.000443e+02,-1.921297e+01,1.198679e-05,
1.619999e+00,9.728045e-01,1.666340e-01,-1.608866e-01,4.859998e+00,-4.629179e+00,9.864023e-01,-4.399466e+01,1.000419e+02,-1.921351e+01,1.198530e-05,
1.649999e+00,9.727320e-01,1.669450e-01,-1.610024e-01,4.869253e+00,-4.632543e+00,9.863660e-01,-4.396188e+01,1.000452e+02,-1.921386e+01,1.198435e-05,
1.679999e+00,9.727855e-01,1.666420e-01,-1.609930e-01,4.860320e+00,-4.632268e+00,9.863928e-01,-4.401222e+01,1.000438e+02,-1.921232e+01,1.198860e-05,
1.709999e+00,9.727313e-01,1.669413e-01,-1.610103e-01,4.869151e+00,-4.632771e+00,9.863657e-01,-4.396391e+01,1.000490e+02,-1.921188e+01,1.198979e-05,
1.739999e+00,9.727763e-01,1.668290e-01,-1.608552e-01,4.865715e+00,-4.628270e+00,9.863881e-01,-4.395561e+01,1.000419e+02,-1.921521e+01,1.198061e-05,
1.769999e+00,9.727869e-01,1.666880e-01,-1.609369e-01,4.861631e+00,-4.630641e+00,9.863935e-01,-4.399434e+01,1.000447e+02,-1.921353e+01,1.198525e-05,
1.799999e+00,9.727365e-01,1.669334e-01,-1.609873e-01,4.868898e+00,-4.632105e+00,9.863683e-01,-4.396119e+01,1.000447e+02,-1.921588e+01,1.197876e-05,
1.829999e+00,9.728310e-01,1.663618e-01,-1.610082e-01,4.852082e+00,-4.632710e+00,9.864155e-01,-4.406310e+01,1.000388e+02,-1.921379e+01,1.198452e-05,
1.859999e+00,9.728094e-01,1.665403e-01,-1.609544e-01,4.857294e+00,-4.631147e+00,9.864047e-01,-4.402283e+01,1.000478e+02,-1.921331e+01,1.198587e-05,
1.889999e+00,9.728002e-01,1.666146e-01,-1.609329e-01,4.859466e+00,-4.630523e+00,9.864001e-01,-4.400623e+01,1.000386e+02,-1.921451e+01,1.198255e-05,
1.919999e+00,9.728008e-01,1.666501e-01,-1.608922e-01,4.860476e+00,-4.629344e+00,9.864004e-01,-4.399291e+01,1.000406e+02,-1.921543e+01,1.198000e-05,
1.949999e+00,9.727140e-01,1.670024e-01,-1.610517e-01,4.870981e+00,-4.633974e+00,9.863570e-01,-4.396081e+01,1.000473e+02,-1.921426e+01,1.198324e-05,
1.979999e+00,9.727409e-01,1.669163e-01,-1.609784e-01,4.868386e+00,-4.631845e+00,9.863705e-01,-4.396254e+01,1.000424e+02,-1.921571e+01,1.197924e-05,
2.009999e+00,9.727000e-01,1.671320e-01,-1.610019e-01,4.874758e+00,-4.632526e+00,9.863500e-01,-4.392974e+01,1.000514e+02,-1.921461e+01,1.198226e-05,
2.039999e+00,9.727320e-01,1.670542e-01,-1.608891e-01,4.872375e+00,-4.629254e+00,9.863660e-01,-4.392302e+01,1.000448e+02,-1.921523e+01,1.198056e-05,
2.069999e+00,9.727346e-01,1.668963e-01,-1.610376e-01,4.867846e+00,-4.633564e+00,9.863673e-01,-4.397649e+01,1.000491e+02,-1.921349e+01,1.198536e-05,
2.099999e+00,9.727011e-01,1.671494e-01,-1.609769e-01,4.875250e+00,-4.631802e+00,9.863506e-01,-4.392232e+01,1.000487e+02,-1.921807e+01,1.197274e-05,
2.129999e+00,9.727466e-01,1.669156e-01,-1.609451e-01,4.868338e+00,-4.630878e+00,9.863733e-01,-4.395674e+01,1.000460e+02,-1.921351e+01,1.198531e-05,
2.159999e+00,9.726941e-01,1.671623e-01,-1.610061e-01,4.875653e+00,-4.632650e+00,9.863470e-01,-4.392531e+01,1.000476e+02,-1.921522e+01,1.198059e-05,
2.189999e+00,9.727284e-01,1.669874e-01,-1.609801e-01,4.870483e+00,-4.631896e+00,9.863642e-01,-4.395065e+01,1.000413e+02,-1.921735e+01,1.197470e-05,
2.219999e+00,9.727210e-01,1.670222e-01,-1.609889e-01,4.871514e+00,-4.632150e+00,9.863605e-01,-4.394625e+01,1.000503e+02,-1.921273e+01,1.198744e-05,
2.249999e+00,9.728063e-01,1.663999e-01,-1.611178e-01,4.853291e+00,-4.635891e+00,9.864032e-01,-4.407604e+01,1.000421e+02,-1.921562e+01,1.197947e-05,
2.279999e+00,9.728598e-01,1.662734e-01,-1.609251e-01,4.849411e+00,-4.630298e+00,9.864299e-01,-4.406354e+01,1.000377e+02,-1.921648e+01,1.197711e-05,
2.309999e+00,9.727951e-01,1.666362e-01,-1.609415e-01,4.860107e+00,-4.630774e+00,9.863975e-01,-4.400406e+01,1.000452e+02,-1.921295e+01,1.198684e-05,
2.339999e+00,9.728117e-01,1.664091e-01,-1.610759e-01,4.853530e+00,-4.634675e+00,9.864058e-01,-4.406699e+01,1.000372e+02,-1.921699e+01,1.197572e-05,
2.369999e+00,9.728577e-01,1.664562e-01,-1.607490e-01,4.854650e+00,-4.625186e+00,9.864289e-01,-4.400074e+01,1.000385e+02,-1.921539e+01,1.198010e-05,
2.399999e+00,9.727535e-01,1.666911e-01,-1.611355e-01,4.861884e+00,-4.636406e+00,9.863768e-01,-4.402911e+01,1.000408e+02,-1.921412e+01,1.198362e-05,
2.429999e+00,9.728073e-01,1.664984e-01,-1.610098e-01,4.856105e+00,-4.632757e+00,9.864037e-01,-4.403989e+01,1.000385e+02,-1.921769e+01,1.197379e-05,
2.459999e+00,9.727619e-01,1.668289e-01,-1.609420e-01,4.865784e+00,-4.630789e+00,9.863810e-01,-4.397105e+01,1.000480e+02,-1.921104e+01,1.199211e-05,
2.489999e+00,9.727491e-01,1.667813e-01,-1.610689e-01,4.864486e+00,-4.634473e+00,9.863745e-01,-4.400179e+01,1.000422e+02,-1.921641e+01,1.197731e-05,
2.519999e+00,9.728152e-01,1.665701e-01,-1.608882e-01,4.858120e+00,-4.629227e+00,9.864076e-01,-4.400592e+01,1.000416e+02,-1.921597e+01,1.197852e-05,
2.549999e+00,9.727154e-01,1.671055e-01,-1.609363e-01,4.873925e+00,-4.630623e+00,9.863577e-01,-4.392261e+01,1.000461e+02,-1.921387e+01,1.198432e-05,
2.579999e+00,9.727494e-01,1.666594e-01,-1.611935e-01,4.860996e+00,-4.638089e+00,9.863747e-01,-4.404486e+01,1.000407e+02,-1.921344e+01,1.198550e-05,
2.609999e+00,9.727217e-01,1.670500e-01,-1.609559e-01,4.872306e+00,-4.631194e+00,9.863608e-01,-4.393562e+01,1.000493e+02,-1.921488e+01,1.198151e-05,
2.639999e+00,9.727279e-01,1.670351e-01,-1.609341e-01,4.871849e+00,-4.630559e+00,9.863639e-01,-4.393429e+01,1.000432e+02,-1.921561e+01,1.197952e-05,
2.669999e+00,9.727587e-01,1.668384e-01,-1.609520e-01,4.866070e+00,-4.631079e+00,9.863793e-01,-4.397121e+01,1.000442e+02,-1.921357e+01,1.198513e-05,
2.699999e+00,9.727096e-01,1.669976e-01,-1.610832e-01,4.870865e+00,-4.634889e+00,9.863548e-01,-4.396724e+01,1.000469e+02,-1.921409e+01,1.198372e-05,
2.729999e+00,9.727855e-01,1.667040e-01,-1.609291e-01,4.862095e+00,-4.630413e+00,9.863927e-01,-4.399019e+01,1.000406e+02,-1.921459e+01,1.198233e-05,
2.759999e+00,9.727190e-01,1.670500e-01,-1.609719e-01,4.872320e+00,-4.631657e+00,9.863595e-01,-4.393846e+01,1.000507e+02,-1.921222e+01,1.198887e-05,
2.789999e+00,9.727871e-01,1.666573e-01,-1.609680e-01,4.860750e+00,-4.631545e+00,9.863935e-01,-4.400516e+01,1.000399e+02,-1.921598e+01,1.197849e-05,
2.819998e+00,9.728219e-01,1.664558e-01,-1.609658e-01,4.854814e+00,-4.631479e+00,9.864110e-01,-4.403940e+01,1.000419e+02,-1.921437e+01,1.198294e-05,
2.849998e+00,9.727734e-01,1.667655e-01,-1.609383e-01,4.863912e+00,-4.630682e+00,9.863867e-01,-4.398129e+01,1.000432e+02,-1.921312e+01,1.198637e-05,
2.879998e+00,9.728075e-01,1.664337e-01,-1.610755e-01,4.854254e+00,-4.634664e+00,9.864038e-01,-4.406270e+01,1.000380e+02,-1.921356e+01,1.198517e-05,
2.909998e+00,9.727533e-01,1.669255e-01,-1.608941e-01,4.868591e+00,-4.629399e+00,9.863766e-01,-4.394596e+01,1.000497e+02,-1.921338e+01,1.198565e-05,
2.939998e+00,9.727404e-01,1.669467e-01,-1.609502e-01,4.869260e+00,-4.631025e+00,9.863702e-01,-4.395229e+01,1.000442e+02,-1.921316e+01,1.198626e-05,
2.969998e+00,9.727690e-01,1.667539e-01,-1.609773e-01,4.863605e+00,-4.631813e+00,9.863845e-01,-4.399020e+01,1.000447e+02,-1.921329e+01,1.198590e-05,
